$ANSIBLE_VAULT;1.1;AES256
33323334343435636263316639656132343763336137326232663463663365666132323966623338
6334666164633733636232323135356636343561633534370a633666323664363137386130646263
39313432376563656433366561646537326461626437613335613865366235366431643161653236
6532626163316138360a373535386661663139656630366131323663633137333964636665363061
65353831633034633361336663666239353034663832663230306530373630313836316534663831
64386632623437653235383137316464633736656261303536326234333237636231343163646264
64623863333436306137313038323063363837656339363361313236366462303839343930326530
33343636396131393934653039396334356461326363323234393538653531366338663537373333
37373863646638663961306164386336363634373233373461653962613930373562303533613664
31346631313531613065343039383163323132373066376335363464613165343231366361653533
65633035663762313839333865363563343564343533346432653733646530346163616662346235
61343333346130353466636561366233393662303136366437616332346638336433623366303435
62373439646334363435356233343265373130323131353966326333353133383238643835353636
39343038376265373265323039316236336466616331353761353337663265383436303333346137
66633362306237633063346132383562313933633133323332313966623135346538396466643564
36303463356262393433393433666563376662326530353435373365356266393562353364633139
65313136366439393039613535356261616365613338643462336361626465333962643533616239
38393836616633313936376465376333633561376532636331303537393530616662343562303731
33383933626630346466323735623762313766383033643639393739616534326530353433633264
63373839336337623264383936633039326162373639306134306564306538306431623962326262
39626132613830616563616437383136393562376431643361636336396131623663303664396330
65393562366234656233613265653730346135323132353636323136356339343333613038313466
66393434396564613532313930353264333533363266373735386437643466333663393563626430
63393630643430346165323133343439616539646439313037333162663030626236306332313134
62326465353266353438623434636337316237643038383133616432323736343432653961326265
65623539326265613735373833363337306265653733356630623733656132323434376663623663
33633964306666653065643064316338313637323530353235306563623638343634383831396364
31326361626163313733
