$ANSIBLE_VAULT;1.1;AES256
37353039646537303736663135383062356430643436663031396236626662343232386130363063
3639666339663063636230393364333631643237383464350a376438666235396432663063356434
64386566346430623963636433363435343236346437366465336462643539626165343865383632
3166356338383965320a663763326438383563366666376436383435326537636563383762643231
35623062653365616139636461323638383435393034353464653836666631316634646437613131
65666236373466306532356161336531333832393165636262356332306638666433323932353966
62666333663064336561343635656462613836313666316138663136336233303233313137346263
31346333633632383264363566306564323532623265656531363137383661646437343237653662
65653664343336633166633531653464313463393966383133373666666531363635646563333366
34626233323231663837653931326337666234643239366664363966333932633437353437663038
33336639383532316265646132376230363834396563613966643438666236653465396364336230
63373866386532306136353636333030663135343434623736613138626563643963303036383737
32653265363863666437616330656265343133653663343036613763633963633931633465313732
61336136366165653362356337613863613065393466633966353234613536663837396339656534
39313463336535633362393635623238393463383031386436653532626630316262366137653366
62333730313032616237663466356566393861646264613235663939366431316139386566616165
37313833373862313866623238383666343665376265653933333733383264633336353961346538
66633732396566653232303432353737666230333935363733613937633130363964363034336664
34306265363333626536616166626661343734393333663933613438643434643538353762313635
65343861373930363939363230313635663539636365356566336462353039633762376539383939
38373433656530623334373632633635313436656130613837373634396436356431346537343531
34336561376333306661346534356530343666363535393965643039383763396263363366393530
34393664333936663736633837653463393630373731656164346339643731343238396162333631
34376633326534383736343366613766336666366465633637643364616330643739353938356164
38396264383538613362353834323239343661616164386333646435373266316530306337303234
36323862646637376538346433323730613134633531616631653438333330653364363461373036
39333964316631346532393031343635303261666532643533336138316264366563613732646436
33626638306235666336663237623963376164623364306262393839346437363336316336393733
30386335613530313362356564383462626565626335336332636164623964303334353734363164
64633163653938396337383762663034366165393838613561363166346134666330393736356333
35373030396638316332303039363431653436336265363631386637346337393533626161356135
61626530373936636363383632656338373664346639313566646465396138616563336334346633
37633439353464313031323666343831323439376566356537303739663866383564643465366232
38666530343462646632333064333634313362356666386438666565393861626635626439663437
63366139356664366237623934393938393561363431323333333138663662653161343264616638
37393133613465623561386333346165393862306139323933313935363132663235653739663833
61326562333561623131313266633733386364653866616265343739663864636661393537356632
36383863623439613834303032333430653666396539393737366564613465396362663536633535
38623439363736366561363034666230656262343566643831363562643536643136313966343137
33383462393663353638396338386562323461643230653233653763353934633535353034616532
65636266616663633465343466373163383934346231353333316531666261323131323164656564
30653133393932363733626431653063376365366533636563303137393530386335626631366164
38386630646235653565353463666265643862333038663634386232346461313863663663306437
66646465643030383764613839303930383063656665643064653064313536363839316635663138
36306566323964316631613132383863633162626631313936346531346136356538363835613564
66383535373466613134633331343163323430363635346534666431663165633531613162366666
30393832653764303639643735336334636136386462383836633561323061616365303435303039
31356561626233616330343962333934616136623463663336653632636538653264396334656136
35633239393539343034363566633663383261356266376434633936323530396132363439333836
61326137623064656135353035396232333233633634343361346365363132653838326339623430
31623633366232356464336236383565656538396433313765346333663035666637636334633364
64396639613062343233616539386564383166643063303565623532303265656234376663373035
62313037343539383738326431323533666661373539656531663033333037646639333734636135
35306265383231313033613332383363316661373432666432303831356234303164636535643731
37336638333635383936316663663263363534376463386461376165623061636633303564323637
64663535313366376535316337613961343532316630363236336461666331313562343762393437
39373061633065313237626437646562373333663139323232353437643339666666623161633630
33323036393534643834386666376364333736303762313933663936363862396232303236346162
39343664336661306639306665356137396532333733306237633935663330346662633961646666
38623031393233643865626337393536663139313633653763613463643832666336616163313363
36333433623964373233346331333766386565366135343734303835333735316365313765313931
36383461616437353036363038353066663064316239386439616333353435303838663564373063
30396331373432303231313031363430323839333364343038383166373935643436633433313664
38333333316266666531333835613837313365373061386263373834306230623262313433353264
31376630636362336333343361643938633539346539326633316562666435303635313833336164
39663533306136663234636532663336303166313562376462333566623736613032653861353962
34316332306635653133643164653333633530326464646264666163346433633838336563343437
38313531646336633037613138613261633735343464323031376533363132356465643039376264
31333363383032646565386331313462323065376366666530656339613362316565303265333266
37356263336337653135313933653431316661316330626466383635306138633165326338313139
65386363366561313434326465326366376130373936616665636537316538616534303936313662
36616339643235353866306538623762393462343536623835333236333431613864663763323761
33336239303232316666353934666338393338323233336331386635616165373031316564386138
63323863303639346130333133313534396231646234613462663234353133366430303330616436
32626465313039326364363430666664653561633432376461383838383033373837323735393064
31373236643564313935386664653132643966356538633935396465383832613432383031666334
36393763636166323164636661323431643266646337636630303436313935636163353837323232
35613131376232666663663031646139323034636664333739313866663265383533333765346534
62313963343862663435666430613535333862323833623537373334346461633933656138626662
31353338313233376264656136326335333133666161333131386661373866366432383435303730
35323462396234663737633134326463666239333462383263393164613436373936386463306265
65323934633233643165323038666166646330353139363738306332303766323463653234393034
62613232643131643438383430383231666138383731616136386662333939393834303065373166
39386130303331366361396336363066616539396132333331323638646561323563343034353061
31656335333564346363343066636663316636633632353533343938356362376236383234303037
64653762643530363366333630306364333663366162323232326365653835396662366361313030
39373539363361363836343865626630363439343266323966643666343933346435326537626239
33613639666161353130356536663931313439326461333737313034623932666136363731393437
31356564326534633839313161636263356465343437626565366338393533303931316138646464
37343736313239626665623438373238346533396466633939386536626566356263356162613963
63616532306139343732373866663536313135623336316563396565313261663061376339353766
64666433353533393132386635636234393831323634653766343733643062656336353063393066
38313135653339666331396263363531633161306661363562303830663964316461386230623236
33633634383563336661366362386639383536386336323936613233393539316531386136636435
61396232343734373436373961393637366534306233643531313461653838646463376234353762
32396234653737346335616661623665363332383666346635383532616537636563643336333638
31303234616135646138386334363566393031353036396335346638633634376434306434656633
32383933353663383733656363373931316637353638653564333231316531386534366339623161
32383563383836393864366666313238393163326139333766333733633238393066386362623139
62613039323036363338623261316337303664356430343830373965373834663661383330656133
62656335323332646438656233363238333038636136643431323230626330353665653435323039
39666633303732383033336637323134393339613265333634393363383661343139363433636634
38643564646163396230316161376362373466386433333837373731393139373538616539313238
32356138656136336661356438383034363565326666386235346664333032666134346535633764
32343531633265646132653165636261306162343064653361383164623730626230626266373738
30663366623737373664643164633932396337363061623932363165333861376138303261653466
65633731336237323364633065663730656364613434343933363530316631366430653835643065
38346336333337323566396530636230633938323866356539613831646563623539313533333831
62373263653366383366616562386666333061613863363266613062626365616331363038353066
62336531316566643938376363323961373165663666373037653361663366396361373330633633
36353136663235333131353263623631643465623836626433366663633863653161323862626166
62343238393438366561613333613938383234643662353937303661393165636363663261303731
62636234373833356361333931333763336430303130366265333531623231626432373934393134
64363030376537396163393363323732303130323231386161313364353435623638363636306461
66343536393130623336393438633836616538613335356631336164646665306433623236306537
35366237363038623861326635313461633565366233356633323435663237306436386135636465
35643261633262323062613462626431663732663337353637326264306631316532363839353832
63633539336430653663393632396261623934343565366339386433343561646439346536303562
36333136623362626233363039666539653235633032313463396161643030623563643032636435
33666363613164386663363061376632656233343634333239373139333130623737363964623433
38646363663138303533383836393236646239346336343963313331303261636639373831306330
35326363333764376237326466383964386338346131356633373336643834356265333361623135
65313036323832316230383134303964336338613238373063376439656361656236333166336333
33333933346566656363306533343535306637303033363734353931653030613466313034306264
62363861343731643236633763653234303536363337356539376365333861306563616131393931
64303939643937303031303936623435663235396333383836633539346537626133623133306436
38623332363639346365366330623936333663303431663533353664333639306431393062326265
39363138383430356331363932663638343266626437613663313866613835323633643638373166
36636365363266613161396135326464656132633736333262326232653834313136653333343036
33613236333064356439623530666635323837353835353939316566333132613465396334653763
31613661663462396632623065386131366434643235386432336661623362386238353262313138
39643966383863346465663664623639666338376637366366666333326466383735636162653436
38663063366262656635336663346531666638326233633461366637663464343831363462393038
65666361323232303732343965393536386564366634383961363438326533386463323531633330
38376230643739636339346362346238623437633866666432343264623937656430643936353830
33326263623836623137343030326461633931633131323232316335383632383732613231643737
30313665636461613939376664386165666665346366646265653535323164346238396534343835
39643838633161383264646231373430366332373263343638356637376233373631633861353631
64653163623962343235643865616338623936613339363961643835303465323736633765613639
36366463393834626136303236336435636563326363323235313137303462383334656161346261
65323464663737613136346161303038343333653431303436376638613038383632666162666536
35313463366465376632663930313764363135353136633434343639653638656266666461326630
61323139663633303538653834343239303930333535383737326639323831376633333936333934
65663233333835306364616338623462663131343565313538363239653563653038393336373135
64316161346362353734653033343834376363353665303666373436326562373331383637616439
63333437333563646338396136313363626236666433393033313261353735336163616237343363
65363039376162386639356633363762383166626662613038633238323865306435653533343137
37626538356130633665363631333264366537633436326162396433653735396331343337363236
30393334386536633038643765626636623465313365653731633431373165356233653261666465
64376362636663633564613965323734663939643538623439653133663238303164333630353161
32346337343161383766386534316338653038663563373364633136633632393036653830333562
32376463373436356630623063343137326438646439393431646431336462663834373634366461
66373634343964383363356530353835626433636361363261333037363034316131643062383538
35346335643366306263653430613362663037646265383731333933356339343835643732373139
65633733353832393039366136333265323461313165663462323666383039346235613364393438
37626462363866653536653437653538346262613565313034316334613831616364316462396462
65396435373163643835613661633465323535393233623636373032333662336539396336616263
35393666663233353461386339393832613331613866643031303961633230363538363930313933
31316663653938643038383432346230623335653164363266336439643131346231633431623366
66623936336364633964323535373066636239343430343937346132653835643530316137373239
63356637643735353163303331306438356236643162656538363965323534356332373232656235
66663938623238643165643966353433343339653965303634636533396233353331303535393363
38366235343933626636616433643235323037336363313162393764643364626437666665333764
31376231383661376530623433376631396266313763323336303463343463623562666437306136
65343234373636363139336635643338383832363733613062633435303132396565393166653566
32323534643865646133636339323135303930323034333865663937333638626263396434306564
34396462343466306263613765656437613962626239383834646137386338353535646630636336
39623338626139633637663436613637333531363639643865643230653666396139343765356264
30396633346636356339373563346336323634366231613332663735393164636533343230343730
61663134663234316136396338643735356261663535333230376534306630663336376636366230
35346161323238653461326633323266376535373532383632343334636439623538613339663862
35366539366531393263646239376535336530313639333937656539373232633838643462616164
33376538663536373436633635373365356265646239656338623631326630356633363635616234
38366666646136373066313837373234326539313662326266636231383866626633653234396132
31613731363238616531313137666133356162643239623235393432326365366632373464326366
64663437303130376566
